Economica: 200.000000
Executiva: 200.000000